Yield (tons/acre),radiation,rain,avg_min_temp,avg_max_temp,Year
1.8683673469387754,192228.7281632653,2104.1895918367345,3.384497959183673,14.368526530612245,2005
2.0382608695652173,118368.72,1340.7,2.6534,13.6072,2005
1.4219230769230768,230454.95,2535.38,2.449,13.3067,2005
1.770909090909091,358003.82,3721.11,2.8057,13.7932,2005
0.7664516129032258,48010.95,301.99,12.4369,25.5838,2005
1.1295652173913044,148923.23,1512.65,4.7696,16.05,2005
0.6188461538461538,262881.28,2719.27,3.7066,14.7705,2005
0.7686363636363637,373381.0,3837.77,3.1904,14.2618,2005
2.0895454545454544,341395.76,3618.14,2.3466,13.2826,2005
1.4780645161290322,128832.07,1332.09,4.6373,15.9051,2006
1.9276666666666666,192694.50533333333,2129.744,5.26349,16.57273,2006
1.7157142857142857,141473.19,1404.11,4.681400000000001,16.0745,2006
2.563913043478261,226066.03000000003,2411.72,3.0283,14.071899999999998,2006
1.498076923076923,358007.83,3900.3399999999997,3.2722,14.2502,2006
0.9122580645161291,145586.28,1621.28,5.6377,16.8311,2006
2.4499999999999997,342736.15,3627.92,2.8523,13.7995,2006
1.7016666666666669,358275.75,3910.57,3.2856,14.2627,2006
0.6572727272727273,328244.10909090907,3621.7566666666667,4.053684848484849,15.092736363636364,2006
0.5833333333333334,375856.04,4160.07,3.7001000000000004,14.6554,2006
1.115,52753.420000000006,696.37,10.809400000000002,22.652,2006
1.7966666666666666,296396.8790909091,3098.4166666666665,3.022490909090909,14.05221818181818,2006
1.0078260869565216,258549.37,2941.05,4.2071,15.2436,2006
2.4393548387096775,115121.65,1105.05,3.7149,14.9185,2006
0.5328571428571428,159773.13999999998,1638.65,5.0332,16.2771,2007
1.5877419354838709,245786.57,2382.68,3.6145,14.7802,2007
1.9345833333333333,139648.78,1419.11,3.8311000000000006,14.9779,2007
0.40857142857142853,272674.15,2623.1700000000005,4.2861,15.5544,2007
2.65,125849.27999999998,1323.72,3.1348,14.036700000000002,2007
2.7109677419354843,233210.09,2291.76,3.26,14.3162,2007
1.64,356613.76,3768.4,3.3664,14.3897,2007
0.9957142857142858,144961.29,1501.66,4.2562,15.3981,2007
1.8942857142857144,239293.34,2330.45,3.3454,14.4474,2007
1.6785714285714286,125819.37,1335.06,3.2774,14.1642,2007
2.002083333333333,155318.05,1554.58,4.627,15.8895,2007
1.3914285714285715,257348.67,2475.27,3.8663,15.0886,2007
0.7442857142857143,36028.98,245.42,11.0659,25.039000000000005,2007
2.1308695652173912,339258.45,3601.8,3.0028,13.9427,2007
1.4848387096774194,263141.83,2535.61,4.1548,15.396,2007
1.17,372221.96,3905.39,3.7276,14.8,2007
2.4374193548387098,211041.76096774192,2085.0625806451612,2.9380354838709675,14.049722580645161,2008
1.9499999999999997,349005.6,3374.66,3.1558,14.242,2008
0.5514285714285714,382947.9,3670.28,3.8866,15.0393,2008
1.8141935483870968,360536.83,3561.95,3.5248,14.6326,2008
2.410344827586207,152547.1775862069,1410.0562068965517,3.058244827586207,14.437920689655172,2008
2.6451612903225805,344793.51,3335.19,3.1129,14.1906,2008
1.6336363636363636,159732.38,1403.44,4.9893,16.6303,2008
0.7271428571428571,103838.405,873.65,8.1754,20.2071,2008
2.1679166666666667,251069.11,2499.55,3.4319,14.5064,2008
0.7151851851851851,47373.36,340.04,11.3487,23.7867,2008
1.0748387096774195,379930.26,3658.82,3.8993,15.0503,2008
2.4413636363636364,143375.11,1327.39,4.2931,15.862600000000002,2008
0.6414285714285715,271940.28,2695.23,4.1526,15.2595,2008
1.7349999999999999,312131.8,3110.605,3.7077,14.78375,2008
1.2557142857142856,31450.78,267.59,10.952700000000002,23.4815,2008
1.81125,267459.09,2663.64,3.961,15.0712,2008
1.8342857142857143,144643.61,1349.85,4.5856,16.054,2008
1.6524137931034484,137702.35,1103.4,2.9461,14.6006,2009
1.9654545454545451,252378.16000000003,2172.43,2.9431,14.4587,2009
1.9937500000000001,378565.02,3607.65,3.2742,14.472,2009
2.129583333333333,361715.52,3436.14,2.8617000000000004,14.042499999999999,2009
1.4000000000000001,358437.01000000007,3428.65,2.8607,14.0141,2009
2.14,287859.68,2634.025,2.52815,13.81225,2009
2.05,250900.71,2172.43,2.9893,14.456,2009
2.4650000000000003,235026.08,2000.59,2.4695,13.9568,2009
2.1672413793103447,123184.57,949.02,2.1379,13.7716,2009
1.5442857142857143,271213.04,2373.13,3.6447,15.1276,2009
1.4247222222222222,131016.67138888889,1079.1258333333333,5.332027777777778,17.10946388888889,2009
2.75,346604.07,3267.4600000000005,2.5702,13.728299999999999,2009
1.6806896551724138,295977.6975862069,2669.016206896552,3.483813793103448,14.925051724137932,2009
2.3728571428571428,361533.02,3153.55,3.1425999999999994,14.3542,2010
1.665,211258.9586111111,1743.2677777777778,4.961475,16.45777222222222,2010
1.0271428571428571,381759.9,3299.15,3.5895,14.8256,2010
2.2203125,150315.89,1262.75,4.0247,15.1852,2010
0.7793103448275862,264193.44,2214.79,3.6786,14.8997,2010
1.5771428571428572,138806.37,1235.06,4.4431,15.4646,2010
1.0472727272727274,375194.34,3273.4400000000005,3.4136000000000006,14.652799999999997,2010
1.4090625,165617.1,1433.28,4.9285,16.1258,2010
1.3528571428571428,52776.93,405.61,12.1286,24.3397,2010
0.7928571428571428,157234.41,1377.26,5.3167,16.3864,2010
2.5700000000000003,123460.52,1114.48,3.3719,14.2692,2010
1.1736363636363636,360293.34,3100.93,2.9576,14.2051,2010
2.9455555555555555,221830.71666666665,1921.6948148148147,2.932714814814815,14.045259259259259,2010
3.075714285714286,345810.88,3033.9900000000002,2.7241,13.8882,2010
2.164827586206896,235369.97,1969.17,2.5766999999999998,13.7274,2010
2.0557142857142856,141127.67,1457.61,3.9784,14.9627,2011
1.6352499999999999,154641.39,1582.28,4.8204,15.8798,2011
3.1285714285714286,126471.73,1382.08,3.1552,13.9157,2011
1.2275,264593.97,2618.22,3.9267,14.819,2011
2.027586206896552,348767.37,3231.6,2.6266,13.5819,2011
2.860625,234139.25,2375.84,2.9251,13.6283,2011
0.6357142857142858,268290.03,2803.38,4.1254,14.9839,2011
0.9131034482758621,363068.73,3308.14,2.9738,14.0039,2011
0.7786206896551724,378457.63,3631.4,3.374,14.4145,2011
0.525,29815.47,247.72,12.923700000000002,25.3633,2011
1.27,247095.04,2431.7,3.4131,14.247,2011
2.4014285714285712,232009.03,2361.1700000000005,2.9133,13.616200000000001,2011
1.6457142857142857,161158.48,1809.4,5.0774,16.1,2011
2.8625,125059.5,1350.71,3.0849,13.8677,2011
1.6875,249110.6,2455.68,3.3718,14.193,2011
1.93825,139600.03,1438.44,3.8776,14.8088,2011
2.3469230769230767,130646.69999999998,1284.21,2.0789,13.4443,2014
2.0057692307692307,148838.56,1472.81,3.2496,14.674800000000001,2014
1.3219512195121952,122328.43658536584,1226.4912195121951,6.692446341463415,18.332963414634147,2014
2.632,130994.7,1250.39,2.381,13.5923,2015
0.8144444444444444,49564.02,457.8399999999999,12.0407,24.5402,2015
2.8350000000000004,242580.28,2314.08,1.7735,12.996,2015
1.801923076923077,256273.08000000002,2488.74,2.2637,13.5078,2015
1.1185714285714285,379281.71,3422.0099999999998,2.8336,13.9386,2015
2.551153846153846,241420.60000000003,2302.92,1.7342,12.947100000000002,2015
2.060625,143455.95,1420.01,3.1412,14.3804,2015
0.7525,162120.2,1490.75,4.1776,15.5379,2015
1.6800000000000002,144658.99,1429.39,3.2242000000000006,14.4786,2015
2.4896969696969697,348978.73,3121.77,2.101,13.1446,2015
0.622,276965.4,2577.06,2.9479,14.282299999999998,2015
0.658076923076923,276177.42,2577.06,2.9407,14.2638,2015
0.646,161684.41,1490.75,4.1692,15.513499999999999,2015
2.465625,128844.79,1234.19,2.2265,13.4297,2015
1.7,258480.4,2505.14,2.3539,13.6092,2015
1.7084848484848485,362957.29,3346.39,2.468,13.5194,2015
1.6017857142857144,140810.83,1109.41,4.4794,16.3122,2016
0.905,251350.87,2124.06,3.0073,14.4436,2016
1.9725,156112.8,1252.75,5.4673,17.3845,2016
1.51875,266975.2,2268.36,3.6576,15.1584,2016
2.6366666666666667,352157.07,3170.52,2.1853,13.4681,2016
2.572307692307692,351676.32,3170.52,2.1787,13.4573,2016
1.82125,140303.1,1109.41,4.4626,16.2788,2016
1.8375000000000001,156427.92,1255.75,5.4855,17.4069,2016
0.525,366282.73,3207.67,2.4967,13.885600000000002,2016
2.6759999999999997,243663.02999999997,2102.31,2.7533,14.113400000000002,2016
1.558,274348.05,2292.73,3.8463000000000003,15.4095,2016
1.2816666666666665,388300.23,3376.64,3.0794,14.5567,2016
2.4908333333333332,125771.96000000002,1086.63,3.9068999999999994,15.4689,2016
2.71625,236640.91,2100.01,2.6321,13.898,2016
1.3438461538461537,386295.94,3361.46,3.0443,14.508399999999998,2016
0.6326923076923077,365777.28,3207.67,2.4908,13.873999999999999,2016
0.858,257964.39000000004,2168.69,3.2466999999999997,14.7434,2016
2.495,125603.76,1097.39,3.9686000000000003,15.4174,2017
2.2896428571428573,249787.36999999997,2310.09,4.2331,15.6503,2017
2.8980555555555556,233126.26999999996,2114.81,3.6967,15.0811,2017
0.8452380952380952,385438.5,3480.71,3.7663999999999995,15.0947,2017
1.1099999999999999,162010.77,1450.68,5.6352,17.154,2017
3.223125,351767.27,3205.33,3.0703,14.34,2017
3.322,350989.45,3201.9,3.0602,14.328399999999998,2017
2.219375,371248.84,3408.49,3.5416,14.8195,2017
2.114,370791.99,3407.1699999999996,3.5335,14.8083,2017
2.3854545454545453,143256.53,1342.29,5.0389,16.4584,2017
1.5058333333333334,269281.5,2464.44,4.6857,16.1195,2017
2.265,248994.83,2293.4,4.206,15.6186,2017
1.9,142785.87,1342.29,5.0189,16.4321,2017
1.4439393939393939,163827.27,1450.68,5.7058,17.2669,2017
2.8696774193548387,234444.61,2133.64,3.2597,14.4324,2018
1.5779999999999998,261709.98000000004,2472.89,4.2989,15.5151,2018
1.675,377430.96,3545.73,4.2079,15.4469,2018
1.6975,378380.68,3590.1,4.2377,15.4745,2018
3.0841666666666665,344102.75,3144.35,3.3318,14.569300000000002,2018
1.8357692307692306,263882.69,2473.23,4.3906,15.5999,2018
1.7233333333333334,152137.72,1527.3499999999997,4.8139,15.885399999999999,2018
2.138,139488.83,1282.94,3.8145,14.989699999999997,2018
1.8099999999999998,359476.7,3239.56,3.6383,14.9594,2018
1.5805263157894738,150856.77,1526.68,4.7516,15.816,2018
2.805,123334.21,1180.08,2.9339999999999997,13.8598,2018
2.5642105263157893,122821.68999999999,1180.08,2.9217,13.8375,2018
1.6825806451612901,250397.93,2319.31,3.7857,15.0616,2018
1.2,160319.86,1775.78,5.514399999999999,16.301,2019
1.746,348030.57,3524.9800000000005,3.3049,14.1674,2019
1.154705882352941,159487.14,1775.78,5.5157,16.281,2019
1.3631578947368421,230861.05000000002,2475.1,2.9592,13.5301,2019
1.5683333333333334,231579.44000000003,2484.17,2.9802,13.554499999999999,2019
1.5699999999999998,247776.23,2672.22,3.5821,14.212699999999998,2019
1.55,248255.64,2672.22,3.5909,14.2264,2019
1.141578947368421,263508.72,2833.19,4.0481,14.7705,2019
2.735,130097.55,1515.7,4.0212,14.5353,2019
2.35,343104.44,3478.02,3.2065,14.0482,2019
1.7170588235294117,142141.15,1617.97,4.8343,15.444499999999998,2019
2.13,124871.47000000002,1425.32,3.735,14.189,2019
1.1366666666666667,263944.0,2833.2899999999995,4.0517,14.7793,2019
1.3865384615384615,362270.91000000003,3661.7799999999997,3.6857,14.5928,2019
0.8219999999999998,361777.22,3645.9199999999996,3.6646,14.5744,2019
1.5366666666666668,143298.05,1622.36,4.8949,15.521099999999999,2019
0.6912903225806452,379117.96,3791.12,3.9674,14.9365,2019
1.42,358517.96,3706.6299999999997,3.4202999999999997,14.1575,2020
1.0976470588235294,246170.37,2606.59,3.7897,14.5093,2020
0.6233333333333334,263376.96,2740.27,4.3953,15.2278,2020
2.0100000000000002,234815.53,2506.31,3.3327000000000004,13.969500000000002,2020
0.889,153207.25,1460.76,5.132,16.3787,2020
2.2989473684210524,343822.73,3579.5399999999995,2.9826,13.6554,2020
1.1084375,141606.21,1327.61,4.9702,16.2026,2020
0.9040000000000001,136681.89,1363.63,4.1446,15.2185,2020
1.0733333333333335,247684.36,2612.19,3.8496,14.5858,2020
2.017058823529412,234278.98,2506.31,3.3294,13.9552,2020
1.2545238095238094,115480.15523809525,1165.3685714285714,3.1142714285714286,13.974761904761904,2020
0.8265625,124161.25,1181.94,3.7669,14.8187,2020
1.9616666666666667,344139.76,3582.77,2.9922,13.667499999999999,2020
0.6864705882352942,261746.48,2740.27,4.3435,15.1784,2020
1.526842105263158,358174.11,3706.63,3.4075,14.145299999999999,2020
1.0516666666666665,375902.77,3820.3700000000003,3.8111,14.6228,2020
0.9568421052631578,373989.05,3817.6099999999997,3.7871000000000006,14.5957,2020
1.245,122700.11999999998,1274.23,4.3535,15.2721,2021
0.6752941176470588,380176.65,4012.73,4.2336,15.0469,2021
0.8370000000000001,255173.37000000002,2551.66,4.3957,15.409899999999999,2021
0.88,256482.02,2572.74,4.4314,15.4451,2021
0.5633333333333334,382732.09,4054.1299999999997,4.2774,15.0804,2021
1.9422727272727272,91061.56,797.16,1.4914,12.311,2021
0.8866666666666667,359958.24,3716.92,3.7446,14.5571,2021
0.9558823529411765,359624.63,3714.16,3.7381,14.5498,2021
1.405,239883.67,2342.44,3.8186,14.8477,2021
1.2928125,239526.62,2337.9,3.8049,14.8296,2021
1.432,104713.75,1060.73,2.9171,13.813300000000002,2021
1.6552941176470588,104372.78,1043.54,2.882,13.7724,2021
2.1710000000000003,225094.22000000003,2076.41,3.239,14.2244,2021
2.07125,230427.4,2155.79,3.4027,14.4397,2021
3.0833333333333335,347858.82,3494.93,3.3936000000000006,14.1963,2021
2.8311764705882356,347335.11,3494.93,3.3899,14.1874,2021
1.475,195278.82,2047.5200000000002,2.3548,13.2404,2022
1.46625,124268.43,1424.11,3.7791,14.9567,2022
0.64125,138408.68,1480.73,4.3909,15.7773,2022
0.9290476190476191,366120.81,3652.99,4.0495,15.1828,2022
0.7388095238095238,350854.89,3450.55,3.6339000000000006,14.733500000000001,2022
1.0827272727272728,209414.53,2137.07,2.8145,13.801099999999998,2022
1.19,228468.38,2268.68,3.5704,14.7427,2022
1.076,228828.84,2269.57,3.5858,14.759,2022
1.6054761904761903,333477.75,3384.09,3.2761000000000005,14.260900000000001,2022
0.828125,166501.71,1770.61,5.73,17.2198,2022
1.6277175756736912,360200.70877521293,3737.776842978774,2.8606608648545704,13.860147390878222,2005
1.4210041285691912,363372.17079154035,3761.837350745787,2.940003204456576,13.956793661576167,2005
1.1808261739854955,147199.6018445007,1502.9500289862901,4.65022181646285,15.9121977947526,2005
2.000964154254111,346012.82107026625,3646.765786419685,2.4742303636523006,13.42454742688056,2005
0.8302233075546686,372436.1139460228,3830.6015590337774,3.166761227158359,14.23300579944478,2005
1.1302728785250957,148899.43519132308,1512.5160912136378,4.767951975727245,16.04809763080357,2005
2.0311835473559325,118606.6919895209,1342.0392223798751,2.6698818982279255,13.626225602963414,2005
1.252942169803067,74924.09796636034,699.3157811345945,8.694530349442765,21.00252904820731,2005
1.4248668183726005,249843.63808980008,2799.186353219031,3.891174458607284,14.929577301620423,2006
1.1309523441981866,365171.05765576963,4004.5804318995033,3.4439340346120884,14.41282358220336,2006
1.6699028716637707,358233.9494858527,3908.973929308274,3.2835093502180714,14.26074976699447,2006
1.2658645833235362,265081.2473554925,2553.424696070518,4.181513905825251,15.42822759088134,2007
1.5607337743843255,359159.2952586958,3430.300114407957,2.8609203089997273,14.020356775592253,2009
1.7956603976909682,259971.43889709687,2253.34217330014,3.2259499291847447,14.728366929349594,2009
2.27997940756576,242103.5099934322,2077.201900250361,2.701243864933297,14.179359710224512,2009
2.0940804869415244,288671.2781247901,2637.523242963853,2.6236924072658305,13.92350225869282,2009
0.8632102702028093,156893.42594318313,1371.6162952269995,5.253022883881612,16.32719802485959,2010
1.2439157311974476,163370.48829608306,1418.266300620275,5.032539951788812,16.19564237876395,2010
0.7561172395616409,267538.04067201464,2765.7078994470407,4.084973091489128,14.950349938533252,2011
1.3425274045652105,123126.13011811595,1233.9029880323505,6.588850586065244,18.22288873667222,2014
2.1751814992414227,129252.91374911742,1274.5387935652434,2.8519336415204855,14.26343153177169,2014
2.0782095350660117,144975.71662601628,1432.762843726077,3.001014603128942,14.413516724310382,2014
1.5083166938741297,123840.90455795171,1236.9859348816242,5.853588429218391,17.44408234958174,2014
1.5099356806342015,123854.04360975856,1237.077104156899,5.846301136021214,17.43636049723476,2014
2.2431296655749575,136181.43229000588,1341.5900870221687,2.435076393832731,13.818670079961711,2014
2.1847919057145364,139292.26446164676,1373.8409369941598,2.635267645488139,14.029087210876533,2014
2.153128935205983,140980.67669316524,1391.345169484097,2.743921966675675,14.143291654560878,2014
2.10512317205987,143540.56025359684,1417.8841841586493,2.9086580455701525,14.31644254298631,2014
1.949083217478017,127417.990134673,1261.8066224335041,3.8696346575031813,15.341820553066853,2014
1.9103808163955855,145140.56053853058,1438.4500423586533,3.7298559278024896,15.185091337603374,2014
2.105435501250284,143523.9054540981,1417.7115192862577,2.90758625995982,14.315316009977415,2014
1.5724760465937493,132040.73426549445,1316.7330219695616,5.431118809627936,16.992751922979235,2014
1.789410118344482,126122.14684959118,1252.815022818295,4.588346334327632,16.10339076827955,2014
1.720736964800784,258031.30526575632,2501.8033049845076,2.335548177414793,13.588569458867628,2015
1.851097984743285,375051.7548436364,3427.84539752238,3.601847761880796,14.893255267213501,2017
2.4510348612234027,132688.54946992107,1195.6785372201457,4.398155824363912,15.835196517950886,2017
2.202934535763378,371177.56288411387,3408.2840553946157,3.540336249012416,14.817752591227045,2017
1.6799569524938627,377640.19186322094,3555.505110317897,4.214465208191871,15.452980528392471,2018
1.9132545722615362,144071.8132154738,1381.2037425021233,4.192291716988347,15.322822714488817,2018
1.8894599727249874,144557.02998447444,1391.6072751805343,4.2322898726991,15.35809160368292,2018
1.8099987736226053,263665.47350065305,2473.196008528622,4.3814323002194895,15.591422127138634,2018
0.84574865156501,255439.62402024536,2555.948873836986,4.402963415369089,15.41706168686252,2021
0.9100285814908133,364594.60093311564,3632.7510780418033,4.0079504249860385,15.137881270322971,2022
1.1252016269904204,179717.56588147988,1897.7806106742682,4.179943139836805,15.392264959311028,2022
1.1140427816698486,228708.55139402882,2269.2729993360863,3.580660887388459,14.753560549638435,2022
1.1387700290302887,207395.00609323263,2124.2762764550903,2.748824123801284,13.720994575191167,2022
1.3693271789637358,344873.81852422224,3477.9660896240534,3.5461028550213576,14.582745916788454,2022
0.9183159877041303,365259.6353474986,3641.5700399417537,4.026055347756337,15.157454277543124,2022
0.6932014794326371,146218.57683074492,1561.3169958952928,4.7631714440574955,16.178316771005104,2022
